Parameters:
Number of nodes:40.0
Nest node:1.0
Colony size:200.0
Alpha:1.0
Beta:1.0
Delta:0.5
Eta:2.0
Rho:10.0
Pheromone level:0.5
Final time:200.0
with graph:
0	9	5	4	9	3	5	6	4	7	7	5	1	6	0	5	1	1	8	6	5	8	2	5	8	5	4	1	6	3	3	9	9	8	2	3	9	0	4	4	
9	0	4	3	2	5	7	1	4	7	2	5	7	0	1	9	1	2	5	2	1	9	9	1	3	10	8	7	7	9	4	8	7	9	3	2	4	1	6	6	
5	4	0	4	2	7	2	0	1	8	1	8	10	4	5	2	4	8	8	9	10	8	0	1	3	8	1	10	7	4	2	2	4	5	6	4	3	2	1	2	
4	3	4	0	8	9	1	9	4	4	5	8	5	6	3	7	5	6	5	6	4	5	7	2	5	2	6	4	3	0	7	8	5	3	6	2	5	4	3	5	
9	2	2	8	0	10	3	8	2	4	4	8	1	10	4	0	9	5	4	5	2	5	0	5	8	5	0	1	5	1	7	3	1	3	6	2	9	2	8	9	
3	5	7	9	10	0	4	6	5	8	6	2	2	8	4	7	7	3	3	9	5	8	5	5	5	6	3	0	9	9	3	9	5	9	10	2	5	4	5	8	
5	7	2	1	3	4	0	8	6	6	9	7	5	9	3	9	1	9	7	2	4	8	6	7	1	9	6	5	9	2	4	8	8	1	1	9	2	1	3	5	
6	1	0	9	8	6	8	0	7	1	0	7	0	6	10	7	3	8	9	2	9	9	3	2	4	9	1	2	7	1	9	9	1	2	8	5	7	2	7	6	
4	4	1	4	2	5	6	7	0	3	6	6	5	6	6	2	7	1	7	2	5	9	6	7	8	4	9	3	9	5	1	0	4	3	5	5	7	7	5	1	
7	7	8	4	4	8	6	1	3	0	4	9	3	0	5	1	5	10	3	0	0	6	7	8	7	0	6	10	1	7	5	8	10	0	2	5	4	10	0	3	
7	2	1	5	4	6	9	0	6	4	0	0	2	10	8	4	8	9	7	5	3	10	3	4	8	4	1	4	5	1	3	1	6	2	4	9	1	5	6	1	
5	5	8	8	8	2	7	7	6	9	0	0	2	9	4	4	10	9	9	4	6	8	2	4	6	2	8	8	8	5	3	2	4	2	3	2	1	2	9	4	
1	7	10	5	1	2	5	0	5	3	2	2	0	2	7	8	1	3	1	10	8	1	4	7	0	8	4	6	0	6	3	9	5	4	5	8	9	9	2	6	
6	0	4	6	10	8	9	6	6	0	10	9	2	0	0	2	1	3	6	9	4	3	2	1	2	1	2	7	4	2	4	6	7	9	6	2	10	8	7	6	
0	1	5	3	4	4	3	10	6	5	8	4	7	0	0	0	3	7	6	7	4	9	4	7	1	1	10	6	7	2	1	2	7	9	8	6	5	8	10	10	
5	9	2	7	0	7	9	7	2	1	4	4	8	2	0	0	3	5	10	7	3	3	5	2	3	3	8	10	8	7	5	1	4	9	7	9	7	3	3	10	
1	1	4	5	9	7	1	3	7	5	8	10	1	1	3	3	0	2	2	7	4	0	1	0	4	9	5	6	4	1	4	5	7	6	7	3	8	4	10	0	
1	2	8	6	5	3	9	8	1	10	9	9	3	3	7	5	2	0	8	2	9	6	7	4	8	4	9	7	9	5	9	2	4	4	1	3	5	3	9	5	
8	5	8	5	4	3	7	9	7	3	7	9	1	6	6	10	2	8	0	3	8	6	1	6	10	4	7	8	4	6	8	2	9	6	8	6	0	4	9	7	
6	2	9	6	5	9	2	2	2	0	5	4	10	9	7	7	7	2	3	0	3	1	2	4	2	8	8	2	8	3	7	8	4	3	9	9	8	5	1	3	
5	1	10	4	2	5	4	9	5	0	3	6	8	4	4	3	4	9	8	3	0	1	5	4	10	9	9	8	4	0	4	4	9	4	9	0	1	9	8	3	
8	9	8	5	5	8	8	9	9	6	10	8	1	3	9	3	0	6	6	1	1	0	2	2	9	8	5	8	0	4	2	2	7	8	9	6	2	8	7	0	
2	9	0	7	0	5	6	3	6	7	3	2	4	2	4	5	1	7	1	2	5	2	0	9	1	9	7	7	2	8	3	9	5	0	7	9	7	10	2	4	
5	1	1	2	5	5	7	2	7	8	4	4	7	1	7	2	0	4	6	4	4	2	9	0	5	6	7	4	1	7	8	8	9	2	3	8	8	8	5	2	
8	3	3	5	8	5	1	4	8	7	8	6	0	2	1	3	4	8	10	2	10	9	1	5	0	2	6	4	9	4	2	0	7	4	3	2	2	5	1	1	
5	10	8	2	5	6	9	9	4	0	4	2	8	1	1	3	9	4	4	8	9	8	9	6	2	0	4	8	8	1	7	8	3	4	9	1	0	8	8	7	
4	8	1	6	0	3	6	1	9	6	1	8	4	2	10	8	5	9	7	8	9	5	7	7	6	4	0	2	7	10	8	0	9	6	6	3	7	7	4	6	
1	7	10	4	1	0	5	2	3	10	4	8	6	7	6	10	6	7	8	2	8	8	7	4	4	8	2	0	6	8	10	1	8	3	3	7	2	8	8	2	
6	7	7	3	5	9	9	7	9	1	5	8	0	4	7	8	4	9	4	8	4	0	2	1	9	8	7	6	0	4	0	6	7	7	1	7	9	2	0	2	
3	9	4	0	1	9	2	1	5	7	1	5	6	2	2	7	1	5	6	3	0	4	8	7	4	1	10	8	4	0	5	4	2	6	5	10	5	2	1	8	
3	4	2	7	7	3	4	9	1	5	3	3	3	4	1	5	4	9	8	7	4	2	3	8	2	7	8	10	0	5	0	2	2	4	6	5	8	4	0	2	
9	8	2	8	3	9	8	9	0	8	1	2	9	6	2	1	5	2	2	8	4	2	9	8	0	8	0	1	6	4	2	0	4	5	4	6	1	9	9	5	
9	7	4	5	1	5	8	1	4	10	6	4	5	7	7	4	7	4	9	4	9	7	5	9	7	3	9	8	7	2	2	4	0	0	4	6	8	8	4	5	
8	9	5	3	3	9	1	2	3	0	2	2	4	9	9	9	6	4	6	3	4	8	0	2	4	4	6	3	7	6	4	5	0	0	10	5	9	7	4	3	
2	3	6	6	6	10	1	8	5	2	4	3	5	6	8	7	7	1	8	9	9	9	7	3	3	9	6	3	1	5	6	4	4	10	0	7	2	2	4	6	
3	2	4	2	2	2	9	5	5	5	9	2	8	2	6	9	3	3	6	9	0	6	9	8	2	1	3	7	7	10	5	6	6	5	7	0	6	9	8	9	
9	4	3	5	9	5	2	7	7	4	1	1	9	10	5	7	8	5	0	8	1	2	7	8	2	0	7	2	9	5	8	1	8	9	2	6	0	3	2	6	
0	1	2	4	2	4	1	2	7	10	5	2	9	8	8	3	4	3	4	5	9	8	10	8	5	8	7	8	2	2	4	9	8	7	2	9	3	0	10	4	
4	6	1	3	8	5	3	7	5	0	6	9	2	7	10	3	10	9	9	1	8	7	2	5	1	8	4	8	0	1	0	9	4	4	4	8	2	10	0	4	
4	6	2	5	9	8	5	6	1	3	1	4	6	6	10	10	0	5	7	3	3	0	4	2	1	7	6	2	2	8	2	5	5	3	6	9	6	4	4	0	
Observation 1
	Present instant:10.0
Number of move events:1664.0
Number of evaporation events:0.0
	Top candidate cycles:
		{}
Best Hamiltonian cycle:
		{}
Observation 2
	Present instant:20.0
Number of move events:2989.0
Number of evaporation events:0.0
	Top candidate cycles:
		{}
Best Hamiltonian cycle:
		{}
Observation 3
	Present instant:30.0
Number of move events:4200.0
Number of evaporation events:0.0
	Top candidate cycles:
		{}
Best Hamiltonian cycle:
		{}
Observation 4
	Present instant:40.0
Number of move events:5380.0
Number of evaporation events:364.0
	Top candidate cycles:
		{1, 8, 30, 38, 2, 36, 18, 28, 21, 4, 26, 31, 9, 25, 11, 35, 32, 15, 17, 5, 0, 22, 34, 23, 16, 39, 10, 37, 7, 29, 6, 3, 27, 19, 33, 13, 12, 24, 14, 20, 1}: 101.0
		{1, 13, 21, 30, 39, 23, 25, 28, 12, 5, 34, 24, 31, 38, 19, 37, 0, 14, 15, 4, 11, 33, 22, 36, 17, 35, 2, 32, 7, 10, 26, 27, 8, 9, 20, 29, 3, 6, 18, 16, 1}: 107.0
		{1, 13, 25, 29, 17, 34, 7, 12, 5, 18, 27, 0, 35, 14, 15, 9, 19, 8, 31, 26, 4, 37, 33, 22, 11, 10, 30, 2, 32, 16, 39, 24, 36, 21, 23, 38, 3, 20, 6, 28, 1}: 108.0
		{1, 28, 22, 33, 32, 39, 17, 12, 24, 6, 29, 34, 26, 13, 14, 4, 25, 36, 8, 0, 35, 20, 16, 31, 27, 5, 38, 23, 15, 9, 19, 21, 30, 2, 7, 11, 10, 3, 18, 37, 1}: 111.0
Best Hamiltonian cycle:
		{1, 8, 30, 38, 2, 36, 18, 28, 21, 4, 26, 31, 9, 25, 11, 35, 32, 15, 17, 5, 0, 22, 34, 23, 16, 39, 10, 37, 7, 29, 6, 3, 27, 19, 33, 13, 12, 24, 14, 20, 1}: 101.0
Observation 5
	Present instant:50.0
Number of move events:6381.0
Number of evaporation events:4501.0
	Top candidate cycles:
		{1, 13, 26, 31, 24, 12, 33, 22, 19, 9, 7, 32, 38, 30, 2, 15, 14, 25, 36, 34, 0, 17, 37, 11, 10, 29, 8, 27, 16, 35, 4, 3, 21, 20, 5, 39, 28, 23, 18, 6, 1}: 99.0
		{1, 8, 30, 38, 2, 36, 18, 28, 21, 4, 26, 31, 9, 25, 11, 35, 32, 15, 17, 5, 0, 22, 34, 23, 16, 39, 10, 37, 7, 29, 6, 3, 27, 19, 33, 13, 12, 24, 14, 20, 1}: 101.0
		{1, 14, 24, 20, 35, 17, 34, 33, 32, 15, 13, 9, 25, 29, 16, 21, 12, 18, 3, 7, 27, 19, 0, 37, 11, 5, 26, 4, 22, 2, 8, 31, 30, 10, 39, 23, 36, 38, 28, 6, 1}: 102.0
		{1, 13, 21, 30, 39, 23, 25, 28, 12, 5, 34, 24, 31, 38, 19, 37, 0, 14, 15, 4, 11, 33, 22, 36, 17, 35, 2, 32, 7, 10, 26, 27, 8, 9, 20, 29, 3, 6, 18, 16, 1}: 107.0
		{1, 23, 16, 6, 29, 3, 18, 12, 24, 34, 2, 35, 20, 22, 33, 11, 37, 15, 13, 9, 19, 10, 31, 8, 4, 26, 39, 28, 21, 0, 32, 25, 36, 14, 5, 38, 30, 7, 27, 17, 1}: 107.0
Best Hamiltonian cycle:
		{1, 13, 26, 31, 24, 12, 33, 22, 19, 9, 7, 32, 38, 30, 2, 15, 14, 25, 36, 34, 0, 17, 37, 11, 10, 29, 8, 27, 16, 35, 4, 3, 21, 20, 5, 39, 28, 23, 18, 6, 1}: 99.0
Observation 6
	Present instant:60.0
Number of move events:7153.0
Number of evaporation events:16020.0
	Top candidate cycles:
		{1, 13, 26, 31, 24, 12, 33, 22, 19, 9, 7, 32, 38, 30, 2, 15, 14, 25, 36, 34, 0, 17, 37, 11, 10, 29, 8, 27, 16, 35, 4, 3, 21, 20, 5, 39, 28, 23, 18, 6, 1}: 99.0
		{1, 0, 25, 12, 21, 16, 17, 7, 27, 39, 30, 22, 4, 20, 29, 3, 26, 5, 35, 6, 33, 9, 15, 14, 13, 23, 2, 8, 31, 36, 11, 10, 18, 28, 34, 32, 38, 24, 19, 37, 1}: 100.0
		{1, 8, 30, 38, 2, 36, 18, 28, 21, 4, 26, 31, 9, 25, 11, 35, 32, 15, 17, 5, 0, 22, 34, 23, 16, 39, 10, 37, 7, 29, 6, 3, 27, 19, 33, 13, 12, 24, 14, 20, 1}: 101.0
		{1, 14, 24, 20, 35, 17, 34, 33, 32, 15, 13, 9, 25, 29, 16, 21, 12, 18, 3, 7, 27, 19, 0, 37, 11, 5, 26, 4, 22, 2, 8, 31, 30, 10, 39, 23, 36, 38, 28, 6, 1}: 102.0
		{1, 2, 38, 29, 21, 12, 13, 23, 11, 10, 34, 9, 15, 0, 22, 33, 8, 25, 24, 6, 4, 26, 7, 32, 16, 17, 28, 30, 14, 5, 35, 27, 31, 20, 36, 18, 19, 3, 39, 37, 1}: 104.0
Best Hamiltonian cycle:
		{1, 13, 26, 31, 24, 12, 33, 22, 19, 9, 7, 32, 38, 30, 2, 15, 14, 25, 36, 34, 0, 17, 37, 11, 10, 29, 8, 27, 16, 35, 4, 3, 21, 20, 5, 39, 28, 23, 18, 6, 1}: 99.0
Observation 7
	Present instant:70.0
Number of move events:7685.0
Number of evaporation events:37282.0
	Top candidate cycles:
		{1, 13, 26, 31, 24, 12, 33, 22, 19, 9, 7, 32, 38, 30, 2, 15, 14, 25, 36, 34, 0, 17, 37, 11, 10, 29, 8, 27, 16, 35, 4, 3, 21, 20, 5, 39, 28, 23, 18, 6, 1}: 99.0
		{1, 0, 25, 12, 21, 16, 17, 7, 27, 39, 30, 22, 4, 20, 29, 3, 26, 5, 35, 6, 33, 9, 15, 14, 13, 23, 2, 8, 31, 36, 11, 10, 18, 28, 34, 32, 38, 24, 19, 37, 1}: 100.0
		{1, 8, 30, 38, 2, 36, 18, 28, 21, 4, 26, 31, 9, 25, 11, 35, 32, 15, 17, 5, 0, 22, 34, 23, 16, 39, 10, 37, 7, 29, 6, 3, 27, 19, 33, 13, 12, 24, 14, 20, 1}: 101.0
		{1, 14, 24, 20, 35, 17, 34, 33, 32, 15, 13, 9, 25, 29, 16, 21, 12, 18, 3, 7, 27, 19, 0, 37, 11, 5, 26, 4, 22, 2, 8, 31, 30, 10, 39, 23, 36, 38, 28, 6, 1}: 102.0
		{1, 2, 38, 29, 21, 12, 13, 23, 11, 10, 34, 9, 15, 0, 22, 33, 8, 25, 24, 6, 4, 26, 7, 32, 16, 17, 28, 30, 14, 5, 35, 27, 31, 20, 36, 18, 19, 3, 39, 37, 1}: 104.0
Best Hamiltonian cycle:
		{1, 13, 26, 31, 24, 12, 33, 22, 19, 9, 7, 32, 38, 30, 2, 15, 14, 25, 36, 34, 0, 17, 37, 11, 10, 29, 8, 27, 16, 35, 4, 3, 21, 20, 5, 39, 28, 23, 18, 6, 1}: 99.0
Observation 8
	Present instant:80.0
Number of move events:7886.0
Number of evaporation events:68027.0
	Top candidate cycles:
		{1, 13, 26, 31, 24, 12, 33, 22, 19, 9, 7, 32, 38, 30, 2, 15, 14, 25, 36, 34, 0, 17, 37, 11, 10, 29, 8, 27, 16, 35, 4, 3, 21, 20, 5, 39, 28, 23, 18, 6, 1}: 99.0
		{1, 0, 25, 12, 21, 16, 17, 7, 27, 39, 30, 22, 4, 20, 29, 3, 26, 5, 35, 6, 33, 9, 15, 14, 13, 23, 2, 8, 31, 36, 11, 10, 18, 28, 34, 32, 38, 24, 19, 37, 1}: 100.0
		{1, 8, 30, 38, 2, 36, 18, 28, 21, 4, 26, 31, 9, 25, 11, 35, 32, 15, 17, 5, 0, 22, 34, 23, 16, 39, 10, 37, 7, 29, 6, 3, 27, 19, 33, 13, 12, 24, 14, 20, 1}: 101.0
		{1, 14, 24, 20, 35, 17, 34, 33, 32, 15, 13, 9, 25, 29, 16, 21, 12, 18, 3, 7, 27, 19, 0, 37, 11, 5, 26, 4, 22, 2, 8, 31, 30, 10, 39, 23, 36, 38, 28, 6, 1}: 102.0
		{1, 2, 38, 29, 21, 12, 13, 23, 11, 10, 34, 9, 15, 0, 22, 33, 8, 25, 24, 6, 4, 26, 7, 32, 16, 17, 28, 30, 14, 5, 35, 27, 31, 20, 36, 18, 19, 3, 39, 37, 1}: 104.0
Best Hamiltonian cycle:
		{1, 13, 26, 31, 24, 12, 33, 22, 19, 9, 7, 32, 38, 30, 2, 15, 14, 25, 36, 34, 0, 17, 37, 11, 10, 29, 8, 27, 16, 35, 4, 3, 21, 20, 5, 39, 28, 23, 18, 6, 1}: 99.0
Observation 9
	Present instant:90.0
Number of move events:7979.0
Number of evaporation events:104503.0
	Top candidate cycles:
		{1, 13, 26, 31, 24, 12, 33, 22, 19, 9, 7, 32, 38, 30, 2, 15, 14, 25, 36, 34, 0, 17, 37, 11, 10, 29, 8, 27, 16, 35, 4, 3, 21, 20, 5, 39, 28, 23, 18, 6, 1}: 99.0
		{1, 0, 25, 12, 21, 16, 17, 7, 27, 39, 30, 22, 4, 20, 29, 3, 26, 5, 35, 6, 33, 9, 15, 14, 13, 23, 2, 8, 31, 36, 11, 10, 18, 28, 34, 32, 38, 24, 19, 37, 1}: 100.0
		{1, 8, 30, 38, 2, 36, 18, 28, 21, 4, 26, 31, 9, 25, 11, 35, 32, 15, 17, 5, 0, 22, 34, 23, 16, 39, 10, 37, 7, 29, 6, 3, 27, 19, 33, 13, 12, 24, 14, 20, 1}: 101.0
		{1, 14, 24, 20, 35, 17, 34, 33, 32, 15, 13, 9, 25, 29, 16, 21, 12, 18, 3, 7, 27, 19, 0, 37, 11, 5, 26, 4, 22, 2, 8, 31, 30, 10, 39, 23, 36, 38, 28, 6, 1}: 102.0
		{1, 2, 38, 29, 21, 12, 13, 23, 11, 10, 34, 9, 15, 0, 22, 33, 8, 25, 24, 6, 4, 26, 7, 32, 16, 17, 28, 30, 14, 5, 35, 27, 31, 20, 36, 18, 19, 3, 39, 37, 1}: 104.0
Best Hamiltonian cycle:
		{1, 13, 26, 31, 24, 12, 33, 22, 19, 9, 7, 32, 38, 30, 2, 15, 14, 25, 36, 34, 0, 17, 37, 11, 10, 29, 8, 27, 16, 35, 4, 3, 21, 20, 5, 39, 28, 23, 18, 6, 1}: 99.0
Observation 10
	Present instant:100.0
Number of move events:7999.0
Number of evaporation events:143861.0
	Top candidate cycles:
		{1, 13, 26, 31, 24, 12, 33, 22, 19, 9, 7, 32, 38, 30, 2, 15, 14, 25, 36, 34, 0, 17, 37, 11, 10, 29, 8, 27, 16, 35, 4, 3, 21, 20, 5, 39, 28, 23, 18, 6, 1}: 99.0
		{1, 0, 25, 12, 21, 16, 17, 7, 27, 39, 30, 22, 4, 20, 29, 3, 26, 5, 35, 6, 33, 9, 15, 14, 13, 23, 2, 8, 31, 36, 11, 10, 18, 28, 34, 32, 38, 24, 19, 37, 1}: 100.0
		{1, 8, 30, 38, 2, 36, 18, 28, 21, 4, 26, 31, 9, 25, 11, 35, 32, 15, 17, 5, 0, 22, 34, 23, 16, 39, 10, 37, 7, 29, 6, 3, 27, 19, 33, 13, 12, 24, 14, 20, 1}: 101.0
		{1, 14, 24, 20, 35, 17, 34, 33, 32, 15, 13, 9, 25, 29, 16, 21, 12, 18, 3, 7, 27, 19, 0, 37, 11, 5, 26, 4, 22, 2, 8, 31, 30, 10, 39, 23, 36, 38, 28, 6, 1}: 102.0
		{1, 2, 38, 29, 21, 12, 13, 23, 11, 10, 34, 9, 15, 0, 22, 33, 8, 25, 24, 6, 4, 26, 7, 32, 16, 17, 28, 30, 14, 5, 35, 27, 31, 20, 36, 18, 19, 3, 39, 37, 1}: 104.0
Best Hamiltonian cycle:
		{1, 13, 26, 31, 24, 12, 33, 22, 19, 9, 7, 32, 38, 30, 2, 15, 14, 25, 36, 34, 0, 17, 37, 11, 10, 29, 8, 27, 16, 35, 4, 3, 21, 20, 5, 39, 28, 23, 18, 6, 1}: 99.0
Observation 11
	Present instant:110.0
Number of move events:8000.0
Number of evaporation events:184066.0
	Top candidate cycles:
		{1, 13, 26, 31, 24, 12, 33, 22, 19, 9, 7, 32, 38, 30, 2, 15, 14, 25, 36, 34, 0, 17, 37, 11, 10, 29, 8, 27, 16, 35, 4, 3, 21, 20, 5, 39, 28, 23, 18, 6, 1}: 99.0
		{1, 0, 25, 12, 21, 16, 17, 7, 27, 39, 30, 22, 4, 20, 29, 3, 26, 5, 35, 6, 33, 9, 15, 14, 13, 23, 2, 8, 31, 36, 11, 10, 18, 28, 34, 32, 38, 24, 19, 37, 1}: 100.0
		{1, 8, 30, 38, 2, 36, 18, 28, 21, 4, 26, 31, 9, 25, 11, 35, 32, 15, 17, 5, 0, 22, 34, 23, 16, 39, 10, 37, 7, 29, 6, 3, 27, 19, 33, 13, 12, 24, 14, 20, 1}: 101.0
		{1, 14, 24, 20, 35, 17, 34, 33, 32, 15, 13, 9, 25, 29, 16, 21, 12, 18, 3, 7, 27, 19, 0, 37, 11, 5, 26, 4, 22, 2, 8, 31, 30, 10, 39, 23, 36, 38, 28, 6, 1}: 102.0
		{1, 2, 38, 29, 21, 12, 13, 23, 11, 10, 34, 9, 15, 0, 22, 33, 8, 25, 24, 6, 4, 26, 7, 32, 16, 17, 28, 30, 14, 5, 35, 27, 31, 20, 36, 18, 19, 3, 39, 37, 1}: 104.0
Best Hamiltonian cycle:
		{1, 13, 26, 31, 24, 12, 33, 22, 19, 9, 7, 32, 38, 30, 2, 15, 14, 25, 36, 34, 0, 17, 37, 11, 10, 29, 8, 27, 16, 35, 4, 3, 21, 20, 5, 39, 28, 23, 18, 6, 1}: 99.0
Observation 12
	Present instant:120.0
Number of move events:8000.0
Number of evaporation events:223959.0
	Top candidate cycles:
		{1, 13, 26, 31, 24, 12, 33, 22, 19, 9, 7, 32, 38, 30, 2, 15, 14, 25, 36, 34, 0, 17, 37, 11, 10, 29, 8, 27, 16, 35, 4, 3, 21, 20, 5, 39, 28, 23, 18, 6, 1}: 99.0
		{1, 0, 25, 12, 21, 16, 17, 7, 27, 39, 30, 22, 4, 20, 29, 3, 26, 5, 35, 6, 33, 9, 15, 14, 13, 23, 2, 8, 31, 36, 11, 10, 18, 28, 34, 32, 38, 24, 19, 37, 1}: 100.0
		{1, 8, 30, 38, 2, 36, 18, 28, 21, 4, 26, 31, 9, 25, 11, 35, 32, 15, 17, 5, 0, 22, 34, 23, 16, 39, 10, 37, 7, 29, 6, 3, 27, 19, 33, 13, 12, 24, 14, 20, 1}: 101.0
		{1, 14, 24, 20, 35, 17, 34, 33, 32, 15, 13, 9, 25, 29, 16, 21, 12, 18, 3, 7, 27, 19, 0, 37, 11, 5, 26, 4, 22, 2, 8, 31, 30, 10, 39, 23, 36, 38, 28, 6, 1}: 102.0
		{1, 2, 38, 29, 21, 12, 13, 23, 11, 10, 34, 9, 15, 0, 22, 33, 8, 25, 24, 6, 4, 26, 7, 32, 16, 17, 28, 30, 14, 5, 35, 27, 31, 20, 36, 18, 19, 3, 39, 37, 1}: 104.0
Best Hamiltonian cycle:
		{1, 13, 26, 31, 24, 12, 33, 22, 19, 9, 7, 32, 38, 30, 2, 15, 14, 25, 36, 34, 0, 17, 37, 11, 10, 29, 8, 27, 16, 35, 4, 3, 21, 20, 5, 39, 28, 23, 18, 6, 1}: 99.0
Observation 13
	Present instant:130.0
Number of move events:8000.0
Number of evaporation events:264169.0
	Top candidate cycles:
		{1, 13, 26, 31, 24, 12, 33, 22, 19, 9, 7, 32, 38, 30, 2, 15, 14, 25, 36, 34, 0, 17, 37, 11, 10, 29, 8, 27, 16, 35, 4, 3, 21, 20, 5, 39, 28, 23, 18, 6, 1}: 99.0
		{1, 0, 25, 12, 21, 16, 17, 7, 27, 39, 30, 22, 4, 20, 29, 3, 26, 5, 35, 6, 33, 9, 15, 14, 13, 23, 2, 8, 31, 36, 11, 10, 18, 28, 34, 32, 38, 24, 19, 37, 1}: 100.0
		{1, 8, 30, 38, 2, 36, 18, 28, 21, 4, 26, 31, 9, 25, 11, 35, 32, 15, 17, 5, 0, 22, 34, 23, 16, 39, 10, 37, 7, 29, 6, 3, 27, 19, 33, 13, 12, 24, 14, 20, 1}: 101.0
		{1, 14, 24, 20, 35, 17, 34, 33, 32, 15, 13, 9, 25, 29, 16, 21, 12, 18, 3, 7, 27, 19, 0, 37, 11, 5, 26, 4, 22, 2, 8, 31, 30, 10, 39, 23, 36, 38, 28, 6, 1}: 102.0
		{1, 2, 38, 29, 21, 12, 13, 23, 11, 10, 34, 9, 15, 0, 22, 33, 8, 25, 24, 6, 4, 26, 7, 32, 16, 17, 28, 30, 14, 5, 35, 27, 31, 20, 36, 18, 19, 3, 39, 37, 1}: 104.0
Best Hamiltonian cycle:
		{1, 13, 26, 31, 24, 12, 33, 22, 19, 9, 7, 32, 38, 30, 2, 15, 14, 25, 36, 34, 0, 17, 37, 11, 10, 29, 8, 27, 16, 35, 4, 3, 21, 20, 5, 39, 28, 23, 18, 6, 1}: 99.0
Observation 14
	Present instant:140.0
Number of move events:8000.0
Number of evaporation events:303994.0
	Top candidate cycles:
		{1, 13, 26, 31, 24, 12, 33, 22, 19, 9, 7, 32, 38, 30, 2, 15, 14, 25, 36, 34, 0, 17, 37, 11, 10, 29, 8, 27, 16, 35, 4, 3, 21, 20, 5, 39, 28, 23, 18, 6, 1}: 99.0
		{1, 0, 25, 12, 21, 16, 17, 7, 27, 39, 30, 22, 4, 20, 29, 3, 26, 5, 35, 6, 33, 9, 15, 14, 13, 23, 2, 8, 31, 36, 11, 10, 18, 28, 34, 32, 38, 24, 19, 37, 1}: 100.0
		{1, 8, 30, 38, 2, 36, 18, 28, 21, 4, 26, 31, 9, 25, 11, 35, 32, 15, 17, 5, 0, 22, 34, 23, 16, 39, 10, 37, 7, 29, 6, 3, 27, 19, 33, 13, 12, 24, 14, 20, 1}: 101.0
		{1, 14, 24, 20, 35, 17, 34, 33, 32, 15, 13, 9, 25, 29, 16, 21, 12, 18, 3, 7, 27, 19, 0, 37, 11, 5, 26, 4, 22, 2, 8, 31, 30, 10, 39, 23, 36, 38, 28, 6, 1}: 102.0
		{1, 2, 38, 29, 21, 12, 13, 23, 11, 10, 34, 9, 15, 0, 22, 33, 8, 25, 24, 6, 4, 26, 7, 32, 16, 17, 28, 30, 14, 5, 35, 27, 31, 20, 36, 18, 19, 3, 39, 37, 1}: 104.0
Best Hamiltonian cycle:
		{1, 13, 26, 31, 24, 12, 33, 22, 19, 9, 7, 32, 38, 30, 2, 15, 14, 25, 36, 34, 0, 17, 37, 11, 10, 29, 8, 27, 16, 35, 4, 3, 21, 20, 5, 39, 28, 23, 18, 6, 1}: 99.0
Observation 15
	Present instant:150.0
Number of move events:8000.0
Number of evaporation events:343779.0
	Top candidate cycles:
		{1, 13, 26, 31, 24, 12, 33, 22, 19, 9, 7, 32, 38, 30, 2, 15, 14, 25, 36, 34, 0, 17, 37, 11, 10, 29, 8, 27, 16, 35, 4, 3, 21, 20, 5, 39, 28, 23, 18, 6, 1}: 99.0
		{1, 0, 25, 12, 21, 16, 17, 7, 27, 39, 30, 22, 4, 20, 29, 3, 26, 5, 35, 6, 33, 9, 15, 14, 13, 23, 2, 8, 31, 36, 11, 10, 18, 28, 34, 32, 38, 24, 19, 37, 1}: 100.0
		{1, 8, 30, 38, 2, 36, 18, 28, 21, 4, 26, 31, 9, 25, 11, 35, 32, 15, 17, 5, 0, 22, 34, 23, 16, 39, 10, 37, 7, 29, 6, 3, 27, 19, 33, 13, 12, 24, 14, 20, 1}: 101.0
		{1, 14, 24, 20, 35, 17, 34, 33, 32, 15, 13, 9, 25, 29, 16, 21, 12, 18, 3, 7, 27, 19, 0, 37, 11, 5, 26, 4, 22, 2, 8, 31, 30, 10, 39, 23, 36, 38, 28, 6, 1}: 102.0
		{1, 2, 38, 29, 21, 12, 13, 23, 11, 10, 34, 9, 15, 0, 22, 33, 8, 25, 24, 6, 4, 26, 7, 32, 16, 17, 28, 30, 14, 5, 35, 27, 31, 20, 36, 18, 19, 3, 39, 37, 1}: 104.0
Best Hamiltonian cycle:
		{1, 13, 26, 31, 24, 12, 33, 22, 19, 9, 7, 32, 38, 30, 2, 15, 14, 25, 36, 34, 0, 17, 37, 11, 10, 29, 8, 27, 16, 35, 4, 3, 21, 20, 5, 39, 28, 23, 18, 6, 1}: 99.0
Observation 16
	Present instant:160.0
Number of move events:8000.0
Number of evaporation events:383864.0
	Top candidate cycles:
		{1, 13, 26, 31, 24, 12, 33, 22, 19, 9, 7, 32, 38, 30, 2, 15, 14, 25, 36, 34, 0, 17, 37, 11, 10, 29, 8, 27, 16, 35, 4, 3, 21, 20, 5, 39, 28, 23, 18, 6, 1}: 99.0
		{1, 0, 25, 12, 21, 16, 17, 7, 27, 39, 30, 22, 4, 20, 29, 3, 26, 5, 35, 6, 33, 9, 15, 14, 13, 23, 2, 8, 31, 36, 11, 10, 18, 28, 34, 32, 38, 24, 19, 37, 1}: 100.0
		{1, 8, 30, 38, 2, 36, 18, 28, 21, 4, 26, 31, 9, 25, 11, 35, 32, 15, 17, 5, 0, 22, 34, 23, 16, 39, 10, 37, 7, 29, 6, 3, 27, 19, 33, 13, 12, 24, 14, 20, 1}: 101.0
		{1, 14, 24, 20, 35, 17, 34, 33, 32, 15, 13, 9, 25, 29, 16, 21, 12, 18, 3, 7, 27, 19, 0, 37, 11, 5, 26, 4, 22, 2, 8, 31, 30, 10, 39, 23, 36, 38, 28, 6, 1}: 102.0
		{1, 2, 38, 29, 21, 12, 13, 23, 11, 10, 34, 9, 15, 0, 22, 33, 8, 25, 24, 6, 4, 26, 7, 32, 16, 17, 28, 30, 14, 5, 35, 27, 31, 20, 36, 18, 19, 3, 39, 37, 1}: 104.0
Best Hamiltonian cycle:
		{1, 13, 26, 31, 24, 12, 33, 22, 19, 9, 7, 32, 38, 30, 2, 15, 14, 25, 36, 34, 0, 17, 37, 11, 10, 29, 8, 27, 16, 35, 4, 3, 21, 20, 5, 39, 28, 23, 18, 6, 1}: 99.0
Observation 17
	Present instant:170.0
Number of move events:8000.0
Number of evaporation events:423504.0
	Top candidate cycles:
		{1, 13, 26, 31, 24, 12, 33, 22, 19, 9, 7, 32, 38, 30, 2, 15, 14, 25, 36, 34, 0, 17, 37, 11, 10, 29, 8, 27, 16, 35, 4, 3, 21, 20, 5, 39, 28, 23, 18, 6, 1}: 99.0
		{1, 0, 25, 12, 21, 16, 17, 7, 27, 39, 30, 22, 4, 20, 29, 3, 26, 5, 35, 6, 33, 9, 15, 14, 13, 23, 2, 8, 31, 36, 11, 10, 18, 28, 34, 32, 38, 24, 19, 37, 1}: 100.0
		{1, 8, 30, 38, 2, 36, 18, 28, 21, 4, 26, 31, 9, 25, 11, 35, 32, 15, 17, 5, 0, 22, 34, 23, 16, 39, 10, 37, 7, 29, 6, 3, 27, 19, 33, 13, 12, 24, 14, 20, 1}: 101.0
		{1, 14, 24, 20, 35, 17, 34, 33, 32, 15, 13, 9, 25, 29, 16, 21, 12, 18, 3, 7, 27, 19, 0, 37, 11, 5, 26, 4, 22, 2, 8, 31, 30, 10, 39, 23, 36, 38, 28, 6, 1}: 102.0
		{1, 2, 38, 29, 21, 12, 13, 23, 11, 10, 34, 9, 15, 0, 22, 33, 8, 25, 24, 6, 4, 26, 7, 32, 16, 17, 28, 30, 14, 5, 35, 27, 31, 20, 36, 18, 19, 3, 39, 37, 1}: 104.0
Best Hamiltonian cycle:
		{1, 13, 26, 31, 24, 12, 33, 22, 19, 9, 7, 32, 38, 30, 2, 15, 14, 25, 36, 34, 0, 17, 37, 11, 10, 29, 8, 27, 16, 35, 4, 3, 21, 20, 5, 39, 28, 23, 18, 6, 1}: 99.0
Observation 18
	Present instant:180.0
Number of move events:8000.0
Number of evaporation events:463593.0
	Top candidate cycles:
		{1, 13, 26, 31, 24, 12, 33, 22, 19, 9, 7, 32, 38, 30, 2, 15, 14, 25, 36, 34, 0, 17, 37, 11, 10, 29, 8, 27, 16, 35, 4, 3, 21, 20, 5, 39, 28, 23, 18, 6, 1}: 99.0
		{1, 0, 25, 12, 21, 16, 17, 7, 27, 39, 30, 22, 4, 20, 29, 3, 26, 5, 35, 6, 33, 9, 15, 14, 13, 23, 2, 8, 31, 36, 11, 10, 18, 28, 34, 32, 38, 24, 19, 37, 1}: 100.0
		{1, 8, 30, 38, 2, 36, 18, 28, 21, 4, 26, 31, 9, 25, 11, 35, 32, 15, 17, 5, 0, 22, 34, 23, 16, 39, 10, 37, 7, 29, 6, 3, 27, 19, 33, 13, 12, 24, 14, 20, 1}: 101.0
		{1, 14, 24, 20, 35, 17, 34, 33, 32, 15, 13, 9, 25, 29, 16, 21, 12, 18, 3, 7, 27, 19, 0, 37, 11, 5, 26, 4, 22, 2, 8, 31, 30, 10, 39, 23, 36, 38, 28, 6, 1}: 102.0
		{1, 2, 38, 29, 21, 12, 13, 23, 11, 10, 34, 9, 15, 0, 22, 33, 8, 25, 24, 6, 4, 26, 7, 32, 16, 17, 28, 30, 14, 5, 35, 27, 31, 20, 36, 18, 19, 3, 39, 37, 1}: 104.0
Best Hamiltonian cycle:
		{1, 13, 26, 31, 24, 12, 33, 22, 19, 9, 7, 32, 38, 30, 2, 15, 14, 25, 36, 34, 0, 17, 37, 11, 10, 29, 8, 27, 16, 35, 4, 3, 21, 20, 5, 39, 28, 23, 18, 6, 1}: 99.0
Observation 19
	Present instant:190.0
Number of move events:8000.0
Number of evaporation events:503743.0
	Top candidate cycles:
		{1, 13, 26, 31, 24, 12, 33, 22, 19, 9, 7, 32, 38, 30, 2, 15, 14, 25, 36, 34, 0, 17, 37, 11, 10, 29, 8, 27, 16, 35, 4, 3, 21, 20, 5, 39, 28, 23, 18, 6, 1}: 99.0
		{1, 0, 25, 12, 21, 16, 17, 7, 27, 39, 30, 22, 4, 20, 29, 3, 26, 5, 35, 6, 33, 9, 15, 14, 13, 23, 2, 8, 31, 36, 11, 10, 18, 28, 34, 32, 38, 24, 19, 37, 1}: 100.0
		{1, 8, 30, 38, 2, 36, 18, 28, 21, 4, 26, 31, 9, 25, 11, 35, 32, 15, 17, 5, 0, 22, 34, 23, 16, 39, 10, 37, 7, 29, 6, 3, 27, 19, 33, 13, 12, 24, 14, 20, 1}: 101.0
		{1, 14, 24, 20, 35, 17, 34, 33, 32, 15, 13, 9, 25, 29, 16, 21, 12, 18, 3, 7, 27, 19, 0, 37, 11, 5, 26, 4, 22, 2, 8, 31, 30, 10, 39, 23, 36, 38, 28, 6, 1}: 102.0
		{1, 2, 38, 29, 21, 12, 13, 23, 11, 10, 34, 9, 15, 0, 22, 33, 8, 25, 24, 6, 4, 26, 7, 32, 16, 17, 28, 30, 14, 5, 35, 27, 31, 20, 36, 18, 19, 3, 39, 37, 1}: 104.0
Best Hamiltonian cycle:
		{1, 13, 26, 31, 24, 12, 33, 22, 19, 9, 7, 32, 38, 30, 2, 15, 14, 25, 36, 34, 0, 17, 37, 11, 10, 29, 8, 27, 16, 35, 4, 3, 21, 20, 5, 39, 28, 23, 18, 6, 1}: 99.0
Final Event
	Present instant:200.0
Number of move events:8000.0
Number of evaporation events:543874.0
	Top candidate cycles:
		{1, 13, 26, 31, 24, 12, 33, 22, 19, 9, 7, 32, 38, 30, 2, 15, 14, 25, 36, 34, 0, 17, 37, 11, 10, 29, 8, 27, 16, 35, 4, 3, 21, 20, 5, 39, 28, 23, 18, 6, 1}: 99.0
		{1, 0, 25, 12, 21, 16, 17, 7, 27, 39, 30, 22, 4, 20, 29, 3, 26, 5, 35, 6, 33, 9, 15, 14, 13, 23, 2, 8, 31, 36, 11, 10, 18, 28, 34, 32, 38, 24, 19, 37, 1}: 100.0
		{1, 8, 30, 38, 2, 36, 18, 28, 21, 4, 26, 31, 9, 25, 11, 35, 32, 15, 17, 5, 0, 22, 34, 23, 16, 39, 10, 37, 7, 29, 6, 3, 27, 19, 33, 13, 12, 24, 14, 20, 1}: 101.0
		{1, 14, 24, 20, 35, 17, 34, 33, 32, 15, 13, 9, 25, 29, 16, 21, 12, 18, 3, 7, 27, 19, 0, 37, 11, 5, 26, 4, 22, 2, 8, 31, 30, 10, 39, 23, 36, 38, 28, 6, 1}: 102.0
		{1, 2, 38, 29, 21, 12, 13, 23, 11, 10, 34, 9, 15, 0, 22, 33, 8, 25, 24, 6, 4, 26, 7, 32, 16, 17, 28, 30, 14, 5, 35, 27, 31, 20, 36, 18, 19, 3, 39, 37, 1}: 104.0
Best Hamiltonian cycle:
		{1, 13, 26, 31, 24, 12, 33, 22, 19, 9, 7, 32, 38, 30, 2, 15, 14, 25, 36, 34, 0, 17, 37, 11, 10, 29, 8, 27, 16, 35, 4, 3, 21, 20, 5, 39, 28, 23, 18, 6, 1}: 99.0
End of simulation
