Parameters:
Number of nodes:20.0
Nest node:1.0
Colony size:200.0
Alpha:1.0
Beta:1.0
Delta:0.5
Eta:2.0
Rho:10.0
Pheromone level:0.5
Final time:200.0
with graph:
0	5	7	0	0	9	2	4	6	5	8	3	6	1	9	1	8	10	2	5	
5	0	7	0	2	7	3	0	8	1	2	7	1	10	7	9	5	1	6	2	
7	7	0	5	1	4	8	1	7	6	0	3	7	7	9	2	9	5	8	1	
0	0	5	0	5	3	5	7	5	10	7	6	2	8	5	0	8	5	9	6	
0	2	1	5	0	8	8	2	4	2	7	8	3	6	2	2	9	8	2	4	
9	7	4	3	8	0	2	9	4	5	6	1	5	3	9	5	4	9	0	10	
2	3	8	5	8	2	0	7	4	2	3	2	7	7	9	5	6	9	9	1	
4	0	1	7	2	9	7	0	8	7	3	6	4	4	7	5	1	3	2	8	
6	8	7	5	4	4	4	8	0	2	2	5	6	8	9	6	6	7	4	3	
5	1	6	10	2	5	2	7	2	0	5	10	4	9	5	2	2	5	3	4	
8	2	0	7	7	6	3	3	2	5	0	6	6	6	9	3	8	5	3	2	
3	7	3	6	8	1	2	6	5	10	6	0	1	4	3	2	6	4	3	8	
6	1	7	2	3	5	7	4	6	4	6	1	0	6	2	4	0	2	8	2	
1	10	7	8	6	3	7	4	8	9	6	4	6	0	4	3	4	7	9	5	
9	7	9	5	2	9	9	7	9	5	9	3	2	4	0	0	8	1	10	9	
1	9	2	0	2	5	5	5	6	2	3	2	4	3	0	0	1	5	1	4	
8	5	9	8	9	4	6	1	6	2	8	6	0	4	8	1	0	7	3	4	
10	1	5	5	8	9	9	3	7	5	5	4	2	7	1	5	7	0	4	5	
2	6	8	9	2	0	9	2	4	3	3	3	8	9	10	1	3	4	0	8	
5	2	1	6	4	10	1	8	3	4	2	8	2	5	9	4	4	5	8	0	
Observation 1
	Present instant:10.0
Number of move events:1654.0
Number of evaporation events:0.0
	Top candidate cycles:
		{}
Best Hamiltonian cycle:
		{}
Observation 2
	Present instant:20.0
Number of move events:2691.0
Number of evaporation events:739.0
	Top candidate cycles:
		{1, 12, 16, 9, 6, 5, 13, 2, 19, 10, 15, 18, 0, 4, 14, 11, 3, 8, 17, 7, 1}: 52.0
		{1, 3, 0, 4, 2, 7, 15, 13, 19, 18, 5, 11, 16, 12, 17, 14, 9, 6, 10, 8, 1}: 53.0
		{1, 4, 14, 15, 13, 16, 9, 8, 11, 6, 19, 2, 10, 5, 3, 12, 18, 0, 7, 17, 1}: 53.0
		{1, 3, 0, 13, 17, 19, 12, 14, 15, 18, 7, 10, 2, 9, 4, 8, 11, 5, 6, 16, 1}: 54.0
		{1, 3, 0, 13, 8, 19, 9, 17, 2, 10, 5, 12, 11, 18, 7, 4, 14, 15, 16, 6, 1}: 57.0
Best Hamiltonian cycle:
		{1, 12, 16, 9, 6, 5, 13, 2, 19, 10, 15, 18, 0, 4, 14, 11, 3, 8, 17, 7, 1}: 52.0
Observation 3
	Present instant:30.0
Number of move events:3392.0
Number of evaporation events:6430.0
	Top candidate cycles:
		{1, 18, 0, 4, 2, 19, 15, 3, 6, 10, 8, 9, 16, 12, 7, 13, 5, 11, 14, 17, 1}: 45.0
		{1, 17, 12, 11, 2, 7, 16, 19, 15, 13, 14, 3, 10, 8, 9, 4, 0, 18, 5, 6, 1}: 49.0
		{1, 17, 10, 2, 11, 5, 18, 8, 12, 16, 9, 6, 4, 14, 15, 19, 13, 0, 3, 7, 1}: 51.0
		{1, 4, 2, 10, 18, 16, 7, 19, 6, 5, 3, 0, 15, 14, 13, 12, 9, 8, 11, 17, 1}: 51.0
		{1, 12, 16, 9, 6, 5, 13, 2, 19, 10, 15, 18, 0, 4, 14, 11, 3, 8, 17, 7, 1}: 52.0
Best Hamiltonian cycle:
		{1, 18, 0, 4, 2, 19, 15, 3, 6, 10, 8, 9, 16, 12, 7, 13, 5, 11, 14, 17, 1}: 45.0
Observation 4
	Present instant:40.0
Number of move events:3758.0
Number of evaporation events:18128.0
	Top candidate cycles:
		{1, 18, 0, 4, 2, 19, 15, 3, 6, 10, 8, 9, 16, 12, 7, 13, 5, 11, 14, 17, 1}: 45.0
		{1, 17, 12, 11, 2, 7, 16, 19, 15, 13, 14, 3, 10, 8, 9, 4, 0, 18, 5, 6, 1}: 49.0
		{1, 17, 10, 2, 11, 5, 18, 8, 12, 16, 9, 6, 4, 14, 15, 19, 13, 0, 3, 7, 1}: 51.0
		{1, 4, 2, 10, 18, 16, 7, 19, 6, 5, 3, 0, 15, 14, 13, 12, 9, 8, 11, 17, 1}: 51.0
		{1, 12, 16, 9, 6, 5, 13, 2, 19, 10, 15, 18, 0, 4, 14, 11, 3, 8, 17, 7, 1}: 52.0
Best Hamiltonian cycle:
		{1, 18, 0, 4, 2, 19, 15, 3, 6, 10, 8, 9, 16, 12, 7, 13, 5, 11, 14, 17, 1}: 45.0
Observation 5
	Present instant:50.0
Number of move events:3930.0
Number of evaporation events:34346.0
	Top candidate cycles:
		{1, 18, 0, 4, 2, 19, 15, 3, 6, 10, 8, 9, 16, 12, 7, 13, 5, 11, 14, 17, 1}: 45.0
		{1, 17, 12, 11, 2, 7, 16, 19, 15, 13, 14, 3, 10, 8, 9, 4, 0, 18, 5, 6, 1}: 49.0
		{1, 17, 10, 2, 11, 5, 18, 8, 12, 16, 9, 6, 4, 14, 15, 19, 13, 0, 3, 7, 1}: 51.0
		{1, 4, 2, 10, 18, 16, 7, 19, 6, 5, 3, 0, 15, 14, 13, 12, 9, 8, 11, 17, 1}: 51.0
		{1, 12, 16, 9, 6, 5, 13, 2, 19, 10, 15, 18, 0, 4, 14, 11, 3, 8, 17, 7, 1}: 52.0
Best Hamiltonian cycle:
		{1, 18, 0, 4, 2, 19, 15, 3, 6, 10, 8, 9, 16, 12, 7, 13, 5, 11, 14, 17, 1}: 45.0
Observation 6
	Present instant:60.0
Number of move events:3978.0
Number of evaporation events:53407.0
	Top candidate cycles:
		{1, 18, 0, 4, 2, 19, 15, 3, 6, 10, 8, 9, 16, 12, 7, 13, 5, 11, 14, 17, 1}: 45.0
		{1, 17, 12, 11, 2, 7, 16, 19, 15, 13, 14, 3, 10, 8, 9, 4, 0, 18, 5, 6, 1}: 49.0
		{1, 17, 10, 2, 11, 5, 18, 8, 12, 16, 9, 6, 4, 14, 15, 19, 13, 0, 3, 7, 1}: 51.0
		{1, 4, 2, 10, 18, 16, 7, 19, 6, 5, 3, 0, 15, 14, 13, 12, 9, 8, 11, 17, 1}: 51.0
		{1, 12, 16, 9, 6, 5, 13, 2, 19, 10, 15, 18, 0, 4, 14, 11, 3, 8, 17, 7, 1}: 52.0
Best Hamiltonian cycle:
		{1, 18, 0, 4, 2, 19, 15, 3, 6, 10, 8, 9, 16, 12, 7, 13, 5, 11, 14, 17, 1}: 45.0
Observation 7
	Present instant:70.0
Number of move events:3987.0
Number of evaporation events:73071.0
	Top candidate cycles:
		{1, 18, 0, 4, 2, 19, 15, 3, 6, 10, 8, 9, 16, 12, 7, 13, 5, 11, 14, 17, 1}: 45.0
		{1, 17, 12, 11, 2, 7, 16, 19, 15, 13, 14, 3, 10, 8, 9, 4, 0, 18, 5, 6, 1}: 49.0
		{1, 17, 10, 2, 11, 5, 18, 8, 12, 16, 9, 6, 4, 14, 15, 19, 13, 0, 3, 7, 1}: 51.0
		{1, 4, 2, 10, 18, 16, 7, 19, 6, 5, 3, 0, 15, 14, 13, 12, 9, 8, 11, 17, 1}: 51.0
		{1, 12, 16, 9, 6, 5, 13, 2, 19, 10, 15, 18, 0, 4, 14, 11, 3, 8, 17, 7, 1}: 52.0
Best Hamiltonian cycle:
		{1, 18, 0, 4, 2, 19, 15, 3, 6, 10, 8, 9, 16, 12, 7, 13, 5, 11, 14, 17, 1}: 45.0
Observation 8
	Present instant:80.0
Number of move events:3992.0
Number of evaporation events:93083.0
	Top candidate cycles:
		{1, 18, 0, 4, 2, 19, 15, 3, 6, 10, 8, 9, 16, 12, 7, 13, 5, 11, 14, 17, 1}: 45.0
		{1, 17, 12, 11, 2, 7, 16, 19, 15, 13, 14, 3, 10, 8, 9, 4, 0, 18, 5, 6, 1}: 49.0
		{1, 17, 10, 2, 11, 5, 18, 8, 12, 16, 9, 6, 4, 14, 15, 19, 13, 0, 3, 7, 1}: 51.0
		{1, 4, 2, 10, 18, 16, 7, 19, 6, 5, 3, 0, 15, 14, 13, 12, 9, 8, 11, 17, 1}: 51.0
		{1, 12, 16, 9, 6, 5, 13, 2, 19, 10, 15, 18, 0, 4, 14, 11, 3, 8, 17, 7, 1}: 52.0
Best Hamiltonian cycle:
		{1, 18, 0, 4, 2, 19, 15, 3, 6, 10, 8, 9, 16, 12, 7, 13, 5, 11, 14, 17, 1}: 45.0
Observation 9
	Present instant:90.0
Number of move events:3996.0
Number of evaporation events:113105.0
	Top candidate cycles:
		{1, 18, 0, 4, 2, 19, 15, 3, 6, 10, 8, 9, 16, 12, 7, 13, 5, 11, 14, 17, 1}: 45.0
		{1, 17, 12, 11, 2, 7, 16, 19, 15, 13, 14, 3, 10, 8, 9, 4, 0, 18, 5, 6, 1}: 49.0
		{1, 17, 10, 2, 11, 5, 18, 8, 12, 16, 9, 6, 4, 14, 15, 19, 13, 0, 3, 7, 1}: 51.0
		{1, 4, 2, 10, 18, 16, 7, 19, 6, 5, 3, 0, 15, 14, 13, 12, 9, 8, 11, 17, 1}: 51.0
		{1, 12, 16, 9, 6, 5, 13, 2, 19, 10, 15, 18, 0, 4, 14, 11, 3, 8, 17, 7, 1}: 52.0
Best Hamiltonian cycle:
		{1, 18, 0, 4, 2, 19, 15, 3, 6, 10, 8, 9, 16, 12, 7, 13, 5, 11, 14, 17, 1}: 45.0
Observation 10
	Present instant:100.0
Number of move events:4000.0
Number of evaporation events:132792.0
	Top candidate cycles:
		{1, 18, 0, 4, 2, 19, 15, 3, 6, 10, 8, 9, 16, 12, 7, 13, 5, 11, 14, 17, 1}: 45.0
		{1, 17, 12, 11, 2, 7, 16, 19, 15, 13, 14, 3, 10, 8, 9, 4, 0, 18, 5, 6, 1}: 49.0
		{1, 17, 10, 2, 11, 5, 18, 8, 12, 16, 9, 6, 4, 14, 15, 19, 13, 0, 3, 7, 1}: 51.0
		{1, 4, 2, 10, 18, 16, 7, 19, 6, 5, 3, 0, 15, 14, 13, 12, 9, 8, 11, 17, 1}: 51.0
		{1, 12, 16, 9, 6, 5, 13, 2, 19, 10, 15, 18, 0, 4, 14, 11, 3, 8, 17, 7, 1}: 52.0
Best Hamiltonian cycle:
		{1, 18, 0, 4, 2, 19, 15, 3, 6, 10, 8, 9, 16, 12, 7, 13, 5, 11, 14, 17, 1}: 45.0
Observation 11
	Present instant:110.0
Number of move events:4000.0
Number of evaporation events:152773.0
	Top candidate cycles:
		{1, 18, 0, 4, 2, 19, 15, 3, 6, 10, 8, 9, 16, 12, 7, 13, 5, 11, 14, 17, 1}: 45.0
		{1, 17, 12, 11, 2, 7, 16, 19, 15, 13, 14, 3, 10, 8, 9, 4, 0, 18, 5, 6, 1}: 49.0
		{1, 17, 10, 2, 11, 5, 18, 8, 12, 16, 9, 6, 4, 14, 15, 19, 13, 0, 3, 7, 1}: 51.0
		{1, 4, 2, 10, 18, 16, 7, 19, 6, 5, 3, 0, 15, 14, 13, 12, 9, 8, 11, 17, 1}: 51.0
		{1, 12, 16, 9, 6, 5, 13, 2, 19, 10, 15, 18, 0, 4, 14, 11, 3, 8, 17, 7, 1}: 52.0
Best Hamiltonian cycle:
		{1, 18, 0, 4, 2, 19, 15, 3, 6, 10, 8, 9, 16, 12, 7, 13, 5, 11, 14, 17, 1}: 45.0
Observation 12
	Present instant:120.0
Number of move events:4000.0
Number of evaporation events:172696.0
	Top candidate cycles:
		{1, 18, 0, 4, 2, 19, 15, 3, 6, 10, 8, 9, 16, 12, 7, 13, 5, 11, 14, 17, 1}: 45.0
		{1, 17, 12, 11, 2, 7, 16, 19, 15, 13, 14, 3, 10, 8, 9, 4, 0, 18, 5, 6, 1}: 49.0
		{1, 17, 10, 2, 11, 5, 18, 8, 12, 16, 9, 6, 4, 14, 15, 19, 13, 0, 3, 7, 1}: 51.0
		{1, 4, 2, 10, 18, 16, 7, 19, 6, 5, 3, 0, 15, 14, 13, 12, 9, 8, 11, 17, 1}: 51.0
		{1, 12, 16, 9, 6, 5, 13, 2, 19, 10, 15, 18, 0, 4, 14, 11, 3, 8, 17, 7, 1}: 52.0
Best Hamiltonian cycle:
		{1, 18, 0, 4, 2, 19, 15, 3, 6, 10, 8, 9, 16, 12, 7, 13, 5, 11, 14, 17, 1}: 45.0
Observation 13
	Present instant:130.0
Number of move events:4000.0
Number of evaporation events:192774.0
	Top candidate cycles:
		{1, 18, 0, 4, 2, 19, 15, 3, 6, 10, 8, 9, 16, 12, 7, 13, 5, 11, 14, 17, 1}: 45.0
		{1, 17, 12, 11, 2, 7, 16, 19, 15, 13, 14, 3, 10, 8, 9, 4, 0, 18, 5, 6, 1}: 49.0
		{1, 17, 10, 2, 11, 5, 18, 8, 12, 16, 9, 6, 4, 14, 15, 19, 13, 0, 3, 7, 1}: 51.0
		{1, 4, 2, 10, 18, 16, 7, 19, 6, 5, 3, 0, 15, 14, 13, 12, 9, 8, 11, 17, 1}: 51.0
		{1, 12, 16, 9, 6, 5, 13, 2, 19, 10, 15, 18, 0, 4, 14, 11, 3, 8, 17, 7, 1}: 52.0
Best Hamiltonian cycle:
		{1, 18, 0, 4, 2, 19, 15, 3, 6, 10, 8, 9, 16, 12, 7, 13, 5, 11, 14, 17, 1}: 45.0
Observation 14
	Present instant:140.0
Number of move events:4000.0
Number of evaporation events:212914.0
	Top candidate cycles:
		{1, 18, 0, 4, 2, 19, 15, 3, 6, 10, 8, 9, 16, 12, 7, 13, 5, 11, 14, 17, 1}: 45.0
		{1, 17, 12, 11, 2, 7, 16, 19, 15, 13, 14, 3, 10, 8, 9, 4, 0, 18, 5, 6, 1}: 49.0
		{1, 17, 10, 2, 11, 5, 18, 8, 12, 16, 9, 6, 4, 14, 15, 19, 13, 0, 3, 7, 1}: 51.0
		{1, 4, 2, 10, 18, 16, 7, 19, 6, 5, 3, 0, 15, 14, 13, 12, 9, 8, 11, 17, 1}: 51.0
		{1, 12, 16, 9, 6, 5, 13, 2, 19, 10, 15, 18, 0, 4, 14, 11, 3, 8, 17, 7, 1}: 52.0
Best Hamiltonian cycle:
		{1, 18, 0, 4, 2, 19, 15, 3, 6, 10, 8, 9, 16, 12, 7, 13, 5, 11, 14, 17, 1}: 45.0
Observation 15
	Present instant:150.0
Number of move events:4000.0
Number of evaporation events:232686.0
	Top candidate cycles:
		{1, 18, 0, 4, 2, 19, 15, 3, 6, 10, 8, 9, 16, 12, 7, 13, 5, 11, 14, 17, 1}: 45.0
		{1, 17, 12, 11, 2, 7, 16, 19, 15, 13, 14, 3, 10, 8, 9, 4, 0, 18, 5, 6, 1}: 49.0
		{1, 17, 10, 2, 11, 5, 18, 8, 12, 16, 9, 6, 4, 14, 15, 19, 13, 0, 3, 7, 1}: 51.0
		{1, 4, 2, 10, 18, 16, 7, 19, 6, 5, 3, 0, 15, 14, 13, 12, 9, 8, 11, 17, 1}: 51.0
		{1, 12, 16, 9, 6, 5, 13, 2, 19, 10, 15, 18, 0, 4, 14, 11, 3, 8, 17, 7, 1}: 52.0
Best Hamiltonian cycle:
		{1, 18, 0, 4, 2, 19, 15, 3, 6, 10, 8, 9, 16, 12, 7, 13, 5, 11, 14, 17, 1}: 45.0
Observation 16
	Present instant:160.0
Number of move events:4000.0
Number of evaporation events:252825.0
	Top candidate cycles:
		{1, 18, 0, 4, 2, 19, 15, 3, 6, 10, 8, 9, 16, 12, 7, 13, 5, 11, 14, 17, 1}: 45.0
		{1, 17, 12, 11, 2, 7, 16, 19, 15, 13, 14, 3, 10, 8, 9, 4, 0, 18, 5, 6, 1}: 49.0
		{1, 17, 10, 2, 11, 5, 18, 8, 12, 16, 9, 6, 4, 14, 15, 19, 13, 0, 3, 7, 1}: 51.0
		{1, 4, 2, 10, 18, 16, 7, 19, 6, 5, 3, 0, 15, 14, 13, 12, 9, 8, 11, 17, 1}: 51.0
		{1, 12, 16, 9, 6, 5, 13, 2, 19, 10, 15, 18, 0, 4, 14, 11, 3, 8, 17, 7, 1}: 52.0
Best Hamiltonian cycle:
		{1, 18, 0, 4, 2, 19, 15, 3, 6, 10, 8, 9, 16, 12, 7, 13, 5, 11, 14, 17, 1}: 45.0
Observation 17
	Present instant:170.0
Number of move events:4000.0
Number of evaporation events:272768.0
	Top candidate cycles:
		{1, 18, 0, 4, 2, 19, 15, 3, 6, 10, 8, 9, 16, 12, 7, 13, 5, 11, 14, 17, 1}: 45.0
		{1, 17, 12, 11, 2, 7, 16, 19, 15, 13, 14, 3, 10, 8, 9, 4, 0, 18, 5, 6, 1}: 49.0
		{1, 17, 10, 2, 11, 5, 18, 8, 12, 16, 9, 6, 4, 14, 15, 19, 13, 0, 3, 7, 1}: 51.0
		{1, 4, 2, 10, 18, 16, 7, 19, 6, 5, 3, 0, 15, 14, 13, 12, 9, 8, 11, 17, 1}: 51.0
		{1, 12, 16, 9, 6, 5, 13, 2, 19, 10, 15, 18, 0, 4, 14, 11, 3, 8, 17, 7, 1}: 52.0
Best Hamiltonian cycle:
		{1, 18, 0, 4, 2, 19, 15, 3, 6, 10, 8, 9, 16, 12, 7, 13, 5, 11, 14, 17, 1}: 45.0
Observation 18
	Present instant:180.0
Number of move events:4000.0
Number of evaporation events:292641.0
	Top candidate cycles:
		{1, 18, 0, 4, 2, 19, 15, 3, 6, 10, 8, 9, 16, 12, 7, 13, 5, 11, 14, 17, 1}: 45.0
		{1, 17, 12, 11, 2, 7, 16, 19, 15, 13, 14, 3, 10, 8, 9, 4, 0, 18, 5, 6, 1}: 49.0
		{1, 17, 10, 2, 11, 5, 18, 8, 12, 16, 9, 6, 4, 14, 15, 19, 13, 0, 3, 7, 1}: 51.0
		{1, 4, 2, 10, 18, 16, 7, 19, 6, 5, 3, 0, 15, 14, 13, 12, 9, 8, 11, 17, 1}: 51.0
		{1, 12, 16, 9, 6, 5, 13, 2, 19, 10, 15, 18, 0, 4, 14, 11, 3, 8, 17, 7, 1}: 52.0
Best Hamiltonian cycle:
		{1, 18, 0, 4, 2, 19, 15, 3, 6, 10, 8, 9, 16, 12, 7, 13, 5, 11, 14, 17, 1}: 45.0
Observation 19
	Present instant:190.0
Number of move events:4000.0
Number of evaporation events:312866.0
	Top candidate cycles:
		{1, 18, 0, 4, 2, 19, 15, 3, 6, 10, 8, 9, 16, 12, 7, 13, 5, 11, 14, 17, 1}: 45.0
		{1, 17, 12, 11, 2, 7, 16, 19, 15, 13, 14, 3, 10, 8, 9, 4, 0, 18, 5, 6, 1}: 49.0
		{1, 17, 10, 2, 11, 5, 18, 8, 12, 16, 9, 6, 4, 14, 15, 19, 13, 0, 3, 7, 1}: 51.0
		{1, 4, 2, 10, 18, 16, 7, 19, 6, 5, 3, 0, 15, 14, 13, 12, 9, 8, 11, 17, 1}: 51.0
		{1, 12, 16, 9, 6, 5, 13, 2, 19, 10, 15, 18, 0, 4, 14, 11, 3, 8, 17, 7, 1}: 52.0
Best Hamiltonian cycle:
		{1, 18, 0, 4, 2, 19, 15, 3, 6, 10, 8, 9, 16, 12, 7, 13, 5, 11, 14, 17, 1}: 45.0
Final Event
	Present instant:200.0
Number of move events:4000.0
Number of evaporation events:333054.0
	Top candidate cycles:
		{1, 18, 0, 4, 2, 19, 15, 3, 6, 10, 8, 9, 16, 12, 7, 13, 5, 11, 14, 17, 1}: 45.0
		{1, 17, 12, 11, 2, 7, 16, 19, 15, 13, 14, 3, 10, 8, 9, 4, 0, 18, 5, 6, 1}: 49.0
		{1, 17, 10, 2, 11, 5, 18, 8, 12, 16, 9, 6, 4, 14, 15, 19, 13, 0, 3, 7, 1}: 51.0
		{1, 4, 2, 10, 18, 16, 7, 19, 6, 5, 3, 0, 15, 14, 13, 12, 9, 8, 11, 17, 1}: 51.0
		{1, 12, 16, 9, 6, 5, 13, 2, 19, 10, 15, 18, 0, 4, 14, 11, 3, 8, 17, 7, 1}: 52.0
Best Hamiltonian cycle:
		{1, 18, 0, 4, 2, 19, 15, 3, 6, 10, 8, 9, 16, 12, 7, 13, 5, 11, 14, 17, 1}: 45.0
End of simulation
